ymin = -0.542486
xmin = -170.858773
ymax = 22.241919
xmax = -145.081989
